id,age,visits,totalspend
2427,19,3,58.84
4518,23,6,209.21
2066,27,7,214.6
4275,34,5,155.76
2151,53,2,110.13
2038,29,5,141.55
3762,36,8,324.98
5617,32,2,56.52
1540,28,3,97.82
2529,37,10,290.54
4798,20,4,122.06
6161,37,3,75.63
3346,51,3,169.04
2037,46,5,222.53
3526,16,6,104.47
7464,39,8,281.04
7590,39,6,202.09
7627,20,6,202.14
4983,30,5,181.04
3577,74,1,39.8
5813,28,3,77.22
3097,35,9,385.09
3257,34,6,264.67
5792,29,3,96.01
1318,16,3,66.45
2102,33,10,457.24
2131,33,4,138.29
1571,28,4,105.45
1079,29,6,160.39
4624,24,9,280.63
7986,29,7,199.13
5940,34,3,118.4
7844,33,10,356.19
4600,58,4,227.54
2104,17,5,110.2
4614,20,2,68.98
1235,31,4,161.07
7505,66,1,47.14
5872,16,2,34.36
3277,40,1,40.3
1825,25,3,103
2473,29,4,139.11
6525,24,2,71.63
1681,51,2,111.53
5418,16,6,138.93
7008,29,4,110.52
7948,23,4,112.81
6604,53,2,112.33
3424,19,4,77.63
7775,31,7,233.75
3013,22,5,147.81
2598,33,6,239.52
1543,52,5,282.28
5838,34,5,137.86
2097,37,5,197.21
6659,31,6,260.46
7515,54,5,268.45
6753,37,4,159.69
7163,38,5,153.01
3347,50,3,169.89
2398,44,6,233.11
4115,39,4,172.93
5760,26,5,145.32
7327,31,6,230.98
4882,17,3,70.82
4176,36,4,128.32
3751,26,3,80.34
1761,39,7,258.82
5565,51,4,221.6
1270,25,2,63.61
3350,33,8,299.87
5708,29,2,63.57
7227,30,5,184.89
7965,35,5,189.19
5802,34,8,172.87
3960,26,5,144.29
7955,43,4,156.28
6673,38,7,220.95
1595,48,4,154.71
2423,31,2,79
7991,70,2,90.32
5994,18,2,38.84
5097,27,6,192.05
4234,38,4,149.52
7741,36,7,273.47
7913,33,6,212.47
3977,20,7,201.22
1222,25,2,74.42
3775,25,6,153.87
2407,31,8,301
1500,30,8,257.73
5121,20,1,28.53
6471,43,3,118.69
1198,36,6,246.86
7933,50,2,103.62
3869,35,5,157.03
6543,25,4,116.72
4191,55,2,111.86
6390,22,10,309.84
3133,22,6,167.56
3871,18,2,46.62
4503,56,4,228.46
4188,56,8,429.83
2056,37,6,155.38
6787,37,5,189.2
7299,36,5,172.33
7078,18,6,122.93
1375,16,5,91.77
6949,28,2,65.12
7272,33,4,144.23
4975,38,6,262.28
1506,36,9,276.23
4312,26,6,200.47
4338,17,4,73.82
3259,22,7,219.49
1323,31,6,192.97
6365,32,5,133.62
1267,55,2,112.89
5659,31,7,240.86
5707,56,4,235.31
3022,31,6,196.18
4109,27,6,188.03
2429,28,4,116.9
6250,45,6,238.59
2249,30,10,308.14
2493,54,3,164.12
2419,30,4,157.62
4457,35,5,186.19
5801,54,3,158.51
6784,25,5,147
2550,30,3,120.73
4016,24,7,199.71
3664,40,7,275.71
2525,24,5,132.99
6935,29,6,171.6
5812,29,6,196.08
2833,27,7,240.82
4428,21,5,138.32
1137,34,8,318.44
3079,33,8,296.27
3185,34,6,189.63
3098,57,4,230.4
5661,50,3,171.11
1248,34,6,234.01
6991,39,6,223.95
2291,37,6,159.83
1640,35,8,202.56
4163,35,9,347.38
4214,35,8,314.66
1626,48,4,182.49
6540,71,3,155.87
4938,40,5,233.65
6908,29,4,121.72
1618,32,5,143.39
4150,34,2,76.21
4514,31,6,281.91
4155,55,3,167.07
1028,27,5,176.12
2194,39,7,263.91
3855,37,9,365.88
1373,20,6,171.7
7073,17,4,83.86
7178,34,4,121.77
5438,22,8,239.89
5541,34,5,183.5
2475,17,2,30.84
4754,32,5,209.08
4812,41,4,167.6
4202,45,3,121.58
4380,26,3,88.53
3422,74,2,92.38
2078,52,2,104.83
5299,26,4,99.61
1783,49,4,171.77
6393,31,3,131.48
5021,38,6,221.89
4530,18,3,66.67
5625,39,12,415.54
1638,34,7,250.74
2779,30,6,197.76
4932,29,7,183.01
5613,35,5,175.93
7334,55,2,115.11
4314,52,4,217.32
1400,34,4,192.45
7988,59,2,106.31
3322,41,4,157.1
2299,67,3,123.88
3092,16,3,61.67
7661,29,1,31.67
5244,34,6,258.85
2067,57,4,213.52
6797,50,3,167.44
7465,19,2,39.77
3504,30,3,109.51
5216,22,4,111.39
6921,34,9,268.19
5504,38,6,209.05
3159,44,4,159.75
2680,34,5,205.03
5560,37,4,140.85
7521,27,8,197.9
6841,37,3,81.73
3355,78,2,84.69
2000,33,3,91.61
7294,23,4,133.38
7460,21,9,234.04
3755,56,4,226.16
1762,36,7,356.94
6272,30,1,33.25
3006,35,10,356.75
1005,31,7,258.32
5962,38,4,109.03
4035,37,6,184.99
5594,58,2,102.42
7605,60,2,87.82
1288,23,8,230.56
1239,66,1,52.86
6625,52,4,222.65
5960,19,1,19.33
6778,53,2,107.71
4861,28,5,141.04
5217,27,4,139.12
5020,54,2,100.69
1179,30,1,37.22
4615,17,3,46.41
4131,29,3,85.91
6025,30,5,213.9
3448,22,3,68
6239,24,5,158.83
3106,28,6,143.32
2047,25,10,328.76
1924,60,2,84.69
4197,45,5,196.85
3982,25,8,218.05
7157,35,6,306.36
7034,28,2,57.69
2807,58,3,165.57
6462,23,2,57.57
7475,19,3,69.56
4483,27,3,80.71
2494,32,8,315.8
6914,36,7,194.35
1818,43,7,267.95
2071,55,3,162.16
2578,20,6,164.12
7798,26,4,86.79
2556,39,7,265.27
2413,18,2,45.99
3867,25,7,196.45
6381,27,6,194.81
7485,30,8,284.18
3807,21,3,86.74
5095,18,2,42.93
1706,34,3,79.37
3726,38,5,242.08
6117,62,1,42.32
3722,34,4,163.57
7128,37,6,113.73
7500,50,2,108.65
1534,30,10,372.44
2967,37,4,155.29
7119,32,6,164.09
3365,71,1,45.45
6803,28,5,133.04
6353,51,2,103.98
3302,30,4,158.04
2803,26,4,111.63
5636,58,4,214.84
6316,58,3,163.32
1739,21,4,123.67
2638,45,4,180.61
5294,38,7,250
7927,59,4,226.31
3677,39,11,463.18
7851,38,9,311.07
4089,19,3,57.7
5724,28,2,52.25
1090,35,6,233.71
6677,47,5,203.2
5065,28,6,180.16
1421,39,2,83.78
5787,52,3,171.44
3495,37,4,151.28
5221,34,3,89.03
3472,35,8,310.25
6295,26,2,53.07
5082,70,1,43.38
1912,37,5,187.03
4464,43,3,134.74
5776,16,2,39.86
7458,18,1,14.22
3700,37,5,204.74
7469,39,3,121.15
7463,35,5,181.37
3379,36,9,397.39
3214,20,5,168.92
4697,22,4,124.83
6545,32,5,231.84
7555,57,4,212.14
5871,39,3,102.65
2108,32,3,124.31
5545,33,4,167.95
4571,43,2,86.51
7876,60,2,94.35
2294,19,2,33.72
5319,34,8,284.8
2371,20,6,170.44
1740,22,7,210.46
5630,30,7,191.78
6567,18,1,19.48
5512,29,4,120.4
3644,57,2,108.56
2478,36,7,222.52
4813,17,2,42.83
7707,28,3,90.79
1575,24,4,121.4
2895,44,4,160.41
5795,20,2,65.65
3819,33,9,358.1
1049,53,3,161.54
6110,39,3,121.94
6783,42,3,147.12
1557,75,3,145.06
2484,55,1,56.24
2770,35,7,218.55
4213,48,2,76.89
5897,34,8,254.23
6975,28,3,84.22
5170,36,10,392.15
2425,35,6,264.98
6576,31,4,171.02
4916,26,5,166.24
1690,23,2,59.89
4455,39,7,303.93
4030,29,5,146.09
3067,28,7,177.19
2677,46,6,269.88
3556,26,6,194.29
6076,34,7,300.56
3301,19,4,76.99
1723,39,10,441.81
3209,33,7,236.38
4276,27,7,177.13
5550,20,3,95.68
4412,38,7,239.7
4852,20,2,55.45
6053,37,4,134.68
3490,30,5,159.05
7256,35,3,122.16
1649,62,1,49.38
5889,17,2,30.39
4817,24,3,85.89
6743,29,5,133.16
6097,28,8,210.74
5576,37,10,400
6345,44,5,220.54
5353,33,2,91.46
2215,24,4,122.61
4245,31,6,181.95
5201,31,6,265.55
7498,55,3,157.11
3071,56,3,177.4
1247,30,9,352.65
1368,27,4,115.26
2511,37,7,276.05
7065,50,4,226.33
7459,30,8,293.96
7349,32,7,268.48
5199,56,3,169.56
3316,19,1,21.91
7615,31,5,176.22
7305,36,4,125.77
3337,38,8,238.43
4023,39,7,289.09
5520,16,2,38.53
1985,35,4,147.88
7291,76,1,43.31
7827,31,10,421.83
5378,37,5,188.92
6742,29,3,86.65
6402,22,7,202.65
4815,51,3,167.03
2292,43,2,85.7
6910,20,2,67.16
2664,16,3,62.97
1130,39,6,250.68
3717,22,3,87.8
2466,47,5,203.25
5445,30,7,272.12
4385,38,6,198.12
3954,29,5,149
3880,74,3,164.12
3349,29,5,153.14
1931,30,4,133.76
3802,34,5,171.62
7560,31,4,113.82
2359,69,2,81.79
6583,37,7,300.49
3580,21,10,268.77
7287,28,2,63.94
5967,37,3,109.59
6178,32,8,355.87
5149,53,2,115
4588,39,10,391.49
6686,44,3,125.48
1306,53,3,168.53
6927,30,8,262.88
1577,57,5,275.01
5129,27,4,123.52
6286,31,3,111.45
4734,37,6,203.75
2855,32,10,339.48
7476,20,4,115.88
7817,20,4,137.7
4239,28,3,97.58
7279,76,4,167.98
5222,31,5,168.71
5919,30,7,301.27
7063,36,8,238.99
2483,27,5,149.17
6201,32,7,231.18
1887,42,3,122.72
4354,47,1,40.11
2376,37,6,196.13
7090,31,5,190.79
6306,38,8,311.51
1679,31,3,101.17
4783,17,2,44.52
7224,21,4,138
3931,48,7,293.89
2325,45,3,123.05
7001,37,6,167.32
4634,47,8,324.22
7784,16,3,66.58
6557,19,2,40.62
2498,25,4,116.98
1838,38,5,146.5
1420,36,6,217.34
3212,39,7,247.35
5507,52,3,161.86
7308,39,7,211.74
7931,26,2,56.82
3665,24,8,235.56
3145,27,10,327.28
6164,39,4,152.36
5431,31,6,233.41
2379,23,7,220.43
5279,33,6,258.73
2236,33,4,130.32
1471,26,7,219.99
1831,26,5,130.96
1891,38,5,176.68
2390,34,9,195.18
7467,35,4,140.68
1187,58,5,289.68
2443,17,2,36.59
6690,37,7,314.37
3653,46,5,212.8
1726,24,3,102.01
3402,38,8,319.91
1139,25,4,141.62
3475,33,3,106.94
1559,72,2,94.82
7341,22,3,91.76
3404,35,3,122.11
1888,48,3,132.87
6747,66,1,41.24
6510,24,7,245.07
4007,35,4,170.3
6918,58,4,226.13
2200,51,3,153.49
3435,30,8,275.57
3035,36,5,166.32
3167,35,5,191.27
4636,22,2,59.31
2830,33,4,146.97
4382,34,5,247.83
2458,70,2,92.48
5365,23,6,198.73
5432,22,7,231.14
5858,25,6,162.17
4465,32,2,80
2520,26,6,161.45
2625,28,3,88.62
7886,28,9,279.34
3360,20,9,236.45
1625,31,6,215.54
2956,31,4,100.91
5546,37,7,301.37
1715,25,7,206.89
4294,19,2,50.6
6726,18,4,81.36
7083,39,7,205.81
4775,24,3,108.61
2834,33,8,366.75
5194,27,5,109.45
7697,25,9,306.41
3836,39,4,129.23
4365,27,4,134.74
7298,32,1,38.09
5882,46,8,334.55
5933,29,5,143.39
4640,31,10,314.06
3599,56,4,224.45
7435,35,5,216.76
1949,21,7,218.64
6142,31,4,120.86
1100,51,3,162.25
1750,30,8,318.77
5052,34,10,411.87
7779,35,5,194.66
6199,24,2,55.19
5024,56,4,211.14
2464,34,5,151.93
1392,28,4,110.29
1370,32,6,258.61
3357,32,7,163.46
2935,31,4,154.72
3390,18,2,36.24
6733,34,9,257.04
1474,71,3,121.28
2279,28,11,308.91
1432,56,6,362.02
6816,28,3,75.58
6002,28,2,66.12
6862,21,4,132.39
5103,34,7,202.72
5604,32,5,213.29
7329,32,6,243.32
7274,49,3,123.37
5895,20,7,198.04
5932,22,3,69.38
2929,51,1,58.09
7938,33,9,367.02
6436,55,7,399.99
4854,36,8,368.5
1620,55,2,112.52
3776,21,7,211.49
6085,18,3,66.98
3763,32,4,90.7
6955,39,7,244.95
5384,27,3,99.89
7971,56,3,166.04
2877,37,6,240.02
6993,22,2,53.43
1670,37,6,260.02
5697,17,1,14.82
4917,50,1,55.19
5385,36,5,149.77
2627,68,1,41.68
3964,16,5,102.23
5890,20,9,255.83
1752,32,10,433.53
1106,35,6,167.35
7997,27,5,183.09
2150,77,2,90.98
5586,34,6,169.49
2392,48,5,207.31
4389,32,4,113.75
4031,30,6,277.84
4027,64,2,96.15
2930,16,7,161.17
7211,38,5,184.26
6080,65,1,37.3
4650,31,8,288.43
4909,44,4,157.38
1272,30,8,223.16
6088,24,5,154.16
4383,26,6,197.1
5480,19,4,82.76
1365,18,1,20.87
1171,54,1,53.68
7333,56,1,54.66
3597,25,6,193.16
3699,28,2,61.97
7859,54,4,215.6
2712,50,4,235.36
4166,78,2,92.83
5778,29,4,131.73
5809,35,4,109.02
5389,45,3,124.9
7509,23,5,160.72
5390,20,4,126.08
1800,40,2,77.24
4377,37,10,382.51
3298,34,7,262.96
7084,18,4,83.04
3589,26,3,91.34
6198,35,5,194.02
5782,34,7,312.42
1359,77,3,137.75
3046,33,7,234.98
5227,17,4,87.9
2282,45,7,284.63
5988,37,5,174.01
1840,51,7,376.79
3777,17,3,57.55
5295,26,4,123.89
5042,59,5,259.93
4972,34,8,234.48
5869,31,8,253.51
2148,21,9,276.08
5231,34,3,112.32
3660,49,3,140.28
6323,26,7,195.11
5775,47,5,203
5437,37,6,255.98
2661,21,7,212.28
1460,41,4,170.58
7691,33,8,263.56
7810,38,3,115.45
2300,35,8,275.53
4628,32,5,159.92
6748,56,3,161.15
7221,37,9,392.52
6612,23,6,166.7
7566,38,5,141.84
7064,32,3,94.78
4379,30,4,141.27
1820,32,5,187.92
3797,28,5,160.53
6193,24,4,108.89
4930,65,2,86.84
7371,16,1,21.53
2305,54,1,59.52
2169,39,6,199.31
7336,28,3,92.13
5984,40,4,185.35
5524,33,9,345.35
1712,34,6,261.93
5054,41,6,246.39
3487,39,5,203.38
3224,33,7,262.19
1927,25,3,94.11
6896,44,4,162.58
2787,20,4,123.43
2612,21,5,150.99
4549,27,2,69.05
1489,24,5,168.06
1814,34,6,184.43
7968,34,4,151.93
6982,31,8,255.51
4134,35,4,152.61
4137,51,1,54.93
3885,43,4,154.77
1886,35,9,397.13
4323,20,4,97.02
3828,23,5,160.24
2449,27,3,98.54
7916,24,9,303.51
4148,30,8,260.05
1473,27,4,127.16
6099,31,10,423.04
4539,31,2,100.36
1828,31,6,191.6
3109,37,7,286.65
7155,50,3,168.58
2579,33,9,356.85
2901,45,5,225.8
3306,37,7,253.83
1558,48,5,200.43
7966,20,5,192.42
6443,34,3,87.97
1827,18,5,95.75
4168,33,3,96.94
2831,48,8,330.16
3158,26,6,202.78
4004,32,6,185.65
3485,39,5,174.78
5956,37,7,237.56
7623,31,10,298.68
7503,16,2,36.06
6039,38,4,147.26
4335,28,3,88.91
6822,32,7,257.04
3648,34,6,206.07
1353,33,6,200.43
4099,37,6,221.76
7564,20,3,97.39
7601,53,2,109.75
3165,22,3,73.85
3995,33,6,241.41
7245,21,8,252.83
7506,31,4,136.51
3353,33,5,203.38
1778,33,5,182.3
4403,73,2,97.64
3173,35,7,196.13
3581,73,2,81.1
2889,25,2,52.16
3841,20,2,58.26
4691,30,8,283.21
5881,19,3,54.46
1120,18,3,61.84
1045,39,7,305.24
1733,26,11,308.15
7944,30,5,155.35
4003,29,6,173.56
5108,49,3,139.4
3242,22,7,261.7
3535,16,6,103.56
1424,32,6,219.03
1426,23,6,186.13
3817,16,4,95.1
1444,47,3,121.78
2207,41,6,267.79
1309,38,8,220.82
5916,55,6,315.13
1499,39,6,231.12
6404,26,2,54.87
1083,60,1,48.09
6032,25,8,246.74
1953,36,6,257.3
7758,35,7,292.91
2302,25,5,154.38
1128,38,4,128.46
2703,26,5,152.47
1133,28,4,115.67
3842,20,6,190.25
3823,36,4,150.18
7673,59,4,216.59
5728,33,6,194.7
7131,29,3,82.5
2307,42,3,121.55
6728,61,2,87.71
2555,36,5,236.74
7725,63,1,45.49
1242,32,7,174.08
2997,24,5,125.96
1708,74,1,41.71
4711,28,4,121.09
3430,55,2,109.45
1403,17,2,42.61
1407,38,5,180.24
6616,31,4,115.6
3646,20,4,111.25
2426,18,2,39.34
3981,68,4,168.86
2873,25,4,130.4
2817,19,4,75.42
1722,37,6,216.42
1604,49,3,127.02
2962,30,6,221.53
4585,17,4,84.9
6506,17,2,45.3
7979,19,1,19.69
4112,77,1,39.66
1632,18,5,98.54
4157,38,9,342.64
1731,49,4,163.46
1929,25,3,82.46
2698,40,2,86.96
3464,70,1,49.87
6158,64,4,201.05
4017,38,6,179.48
2580,56,3,162.97
1281,58,4,225.84
4143,16,2,39.76
6564,36,3,122.34
3564,45,2,78.18
5757,26,2,59.03
6528,35,4,136.88
4998,26,5,152.1
4149,76,2,93.33
4901,34,4,134.57
4584,43,3,128
3529,25,11,323.6
6413,53,5,276.34
4182,57,3,172.22
6367,23,6,175
2170,30,5,165.86
2035,21,6,149.77
1674,39,3,110.35
4670,39,7,240.43
6520,57,3,166.56
4346,33,9,358.7
6156,28,5,150.98
2923,31,6,221.63
6435,23,3,88.66
5157,26,5,146.24
2114,25,4,97.93
5372,26,3,95.62
3778,33,8,343.41
4973,36,6,231.97
3285,31,8,235.63
3679,18,3,67.85
2840,36,6,240.66
2706,39,4,137.58
7705,37,8,302.49
3174,26,10,299.94
1698,57,1,55.94
3415,34,10,344.92
1765,19,3,65.5
1208,32,4,129.58
6615,27,7,192.22
1330,23,3,73.11
4044,35,7,249.81
7576,21,4,105.11
3096,36,4,199.09
5652,23,2,58.37
3925,30,5,193.54
6311,40,3,117.53
3413,37,2,72.47
6227,50,7,387.14
7802,48,3,117.08
3396,34,9,256.35
7237,30,5,152.83
7647,36,10,319.75
5898,29,6,211.35
5232,21,4,133.74
6249,43,1,39.35
5580,17,2,40.52
1459,19,4,86.86
6084,33,5,225.41
1511,21,9,299.29
3571,22,6,195.18
3143,17,3,59.97
2437,26,5,147.92
7466,37,4,165.75
6258,29,6,183.84
3439,30,5,155.38
6309,19,1,19.16
5624,16,6,113.64
3502,32,5,165.23
4024,36,5,209.68
5563,38,7,178.19
1146,35,6,189.82
5667,16,3,70.67
1970,23,4,131.57
1438,19,2,44.02
6527,31,3,80.07
2781,35,5,165.89
1470,17,3,70.58
4969,66,4,201.79
1088,18,6,104.96
1166,64,1,42.59
1788,26,8,276.07
6112,48,3,127.09
7770,22,5,147.97
4618,27,6,189.74
7833,30,4,131.98
1677,38,6,228.4
3851,52,3,170.29
7277,56,2,112.86
7540,57,2,115.19
3966,35,7,297.39
3539,36,8,273.73
3695,27,4,107.88
2197,35,6,206.49
7441,42,7,272.36
6973,33,4,158.18
3438,56,3,168.26
7126,33,3,107.97
4790,60,2,82.96
5498,46,1,38.63
6591,28,3,90.66
7612,26,3,98.96
3948,38,5,177.63
5160,29,6,201.94
4273,37,9,301.45
6635,39,9,258.12
4434,17,2,39.82
3304,29,3,100.61
1048,40,4,154.46
5990,24,5,150.26
4065,32,5,224.87
7029,38,9,308.78
1127,30,6,225.8
4760,31,3,81.89
4837,38,11,371.32
4653,37,8,345.88
7379,57,3,166.83
5702,19,4,76.37
6207,45,2,86.3
5088,29,12,332.42
4612,36,4,135.4
1717,26,5,146.85
6874,24,5,134.6
5783,17,4,62.97
6001,53,2,108.39
2799,18,2,37.2
2088,35,7,299.49
4978,39,6,214.89
7879,40,2,101.84
7663,32,8,273.75
2570,26,6,150.26
6492,28,6,213.58
6923,19,2,37.14
2061,33,11,357.16
4262,38,10,344.37
7453,22,2,55.6
2943,16,5,113.24
7364,34,3,116.03
3211,49,2,81.59
4976,34,8,282.54
5677,35,5,198.29
2657,30,8,282
4303,33,4,145.43
7286,41,4,157.61
6129,27,3,97.08
2358,34,6,168.28
7070,47,2,104.14
7181,58,3,165.78
6377,29,3,87.76
4208,30,1,36.51
7535,42,3,125.59
4523,22,5,152.04
7771,50,1,56.38
1451,28,4,125.71
6215,54,1,54.64
7719,51,4,227.91
3324,60,1,39.59
4203,23,6,181.66
7440,20,5,150.93
1597,54,2,108.34
4902,48,3,129.81
6535,68,2,89.13
6240,44,2,85.35
5663,64,2,96.93
1236,36,7,255.89
3705,34,6,169.99
1646,51,5,265.15
1448,37,6,193.47
7089,33,3,121.82
7764,38,6,201.54
6010,75,1,43.35
4949,22,6,166.52
2202,27,3,91.64
1611,34,6,224.99
5706,29,5,152.77
7058,29,4,112.88
2825,25,4,109.14
6879,48,5,194.3
5649,37,4,104.17
2907,54,5,292.51
1143,25,2,47
6137,42,3,118.33
2244,35,7,269.65
6698,43,5,215.86
4011,30,5,208.22
2219,37,9,329.94
2166,42,5,198.77
3957,66,1,48.55
4147,54,2,105.77
3356,47,2,85.35
3793,55,2,115.23
4047,56,6,328.14
4616,38,4,135.73
5634,37,8,290.53
6839,50,2,115.92
4862,64,1,41.16
3141,23,1,33.12
2671,64,1,44.24
3456,32,6,220.88
2370,43,2,89.46
2062,36,5,209.77
2880,32,5,164.59
1184,26,5,148.22
6152,30,8,354.91
4794,36,6,254.27
5022,45,1,42.29
5638,17,1,21.36
4889,57,6,307.77
3231,50,1,53.85
6592,24,5,138.96
1252,35,4,166
4087,25,6,195.12
4885,37,7,252.88
4904,27,4,94.22
7984,57,3,162.64
2287,27,5,161.29
7481,35,10,441.05
6271,67,2,104.38
3662,42,6,267.05
4819,31,9,406.78
7447,29,2,69.21
6502,20,2,63.18
1629,21,5,135.61
6643,35,4,133.64
2971,37,7,199.28
6706,72,1,41.65
3018,55,2,115.07
5078,30,7,236.09
4392,20,5,171.05
5551,34,5,146.65
4804,23,5,159.25
7757,37,3,123.01
2751,20,2,57.84
5854,22,7,224.5
3879,76,4,204.95
1034,29,5,155.86
2641,27,9,220.37
7583,46,5,213.42
2181,39,8,279.57
5970,47,3,120.32
5326,26,4,139.69
7845,43,4,161.04
6131,36,8,345.01
3910,38,6,211.69
5240,17,3,61.18
3887,28,6,188.57
5683,29,7,204.95
7403,39,8,310.25
7238,31,8,340.32
2565,22,7,236.59
4865,39,5,188.48
1165,29,5,132.84
6786,24,3,96.77
3649,38,6,257.96
6446,33,9,319.71
5992,29,4,111.63
5944,26,5,148.28
1307,25,9,288.36
2722,22,5,140.86
4193,23,5,125.42
5072,32,6,185.05
3176,39,10,408.39
3783,37,4,122.34
7179,37,8,233.13
7709,58,2,106.11
2663,37,9,371.79
3053,29,3,79.1
3920,39,5,175.75
2715,34,7,312.19
7175,23,5,161.95
6788,43,3,121.84
7632,49,3,115.9
4129,31,5,145.86
1978,25,6,189.27
5172,29,3,90.73
6441,47,2,79.75
6268,39,5,152.37
3872,23,7,248.04
4962,37,8,239.08
7461,39,3,140.07
5448,46,1,39.98
4469,27,6,209.66
3266,56,3,166.4
6342,26,4,109.3
5071,17,3,71.83
6505,52,3,164.53
4723,70,1,39.83
4242,33,7,233.2
5322,39,5,185.05
3088,26,5,148.63
3051,20,5,141.53
5441,23,5,141.24
4850,53,2,105.29
1630,25,3,88.67
1951,27,6,178.02
4429,39,11,377.75
2756,17,3,57.89
7366,31,12,357.55
5165,74,3,131.61
3945,36,10,323.17
1889,32,6,181.91
5427,19,5,96.94
5654,24,5,115.68
5747,42,6,234.15
4925,20,9,232.48
1964,29,8,226.33
5044,17,1,17.95
1004,35,5,157.41
7896,39,6,212.16
4847,24,7,207.08
4289,36,6,253.88
3947,28,4,128.05
1590,26,5,137.79
1055,67,1,46.5
7159,55,3,159.47
3062,36,5,209.75
2658,34,4,137.59
5928,35,8,322.89
1355,46,3,117.22
4092,32,6,234.72
6092,37,5,160.71
4244,21,3,84.04
4512,17,4,87.36
3171,20,3,84.34
6968,21,7,219.31
1834,34,5,192.12
6646,55,3,167.19
6840,48,3,123.97
2622,58,3,170.24
5399,20,9,242.07
4278,17,3,59
3955,16,3,63.42
1149,41,4,168.25
2237,49,2,84.27
7353,18,3,64.58
7618,75,4,135.86
6298,37,7,215.82
7202,36,9,370.47
6884,34,9,350.88
5575,46,5,212.98
2633,38,7,148.32
2347,30,9,247.36
2384,23,3,89.6
7182,31,7,307.11
7492,64,1,47.86
5682,16,1,19.9
4977,63,3,144.85
3292,50,3,169.25
5969,29,5,146.44
2218,37,9,289.31
1754,29,7,221.9
5691,18,4,90.92
7451,34,8,270.53
6805,33,7,254.14
3268,73,2,85.97
7510,78,2,76.38
4473,31,6,138.42
1664,19,2,36
4521,38,4,126.65
4944,19,3,56.73
7169,32,9,322.34
2548,17,4,68.56
7640,18,3,58.83
6354,32,5,181.2
4824,33,9,211.56
5314,18,1,22.88
5681,17,1,16.79
1494,17,1,20.79
4135,28,5,134.05
2823,37,8,256.29
6355,39,4,162.59
5046,18,2,36.3
6300,52,2,104.2
7884,18,4,93.67
7412,32,3,122.29
7280,24,9,239.72
6472,49,6,242.41
3531,46,3,127.7
6337,72,2,84.32
4101,28,3,89.52
4110,33,5,165.72
5561,36,5,236.3
7554,35,4,123.49
6749,44,6,236
7097,19,1,20.84
1968,39,7,307.6
2845,78,1,41.66
6368,24,2,59.73
1066,19,3,68.84
3963,30,6,261.88
2446,37,7,238.15
6988,36,9,280.22
1282,19,1,22.29
5694,31,9,412.38
4524,25,4,105.78
3151,36,6,222.67
5985,33,6,238.03
5285,57,4,218.12
5168,26,6,168.94
2224,52,2,106.13
2957,33,4,125.34
7061,36,4,134.67
7355,16,5,93.02
5013,54,2,109.82
6699,39,8,235.69
4370,43,5,197.94
7569,39,3,110.31
7701,24,3,70.92
5404,56,3,172.09
6649,32,5,193.73
5640,48,1,41.66
6957,36,5,186
2428,59,1,53.81
1738,26,7,195.87
6508,30,11,397.66
4757,40,4,193.19
3863,34,10,411.45
2611,29,5,140.91
6887,23,6,192.64
2740,32,6,244.17
4647,76,1,44.72
3216,59,3,172.58
4853,53,3,164.29
1627,21,2,64.94
7805,35,4,145.55
1466,31,7,303.93
4231,23,4,122.69
7363,33,5,173.12
4461,37,7,196.67
3087,22,7,181.28
4309,22,5,148.9
5535,25,4,115
6648,16,2,41.29
3889,34,9,276.26
4929,32,9,332.99
4656,46,3,115.32
1425,35,6,273.11
5455,35,4,120.46
7311,33,7,291.17
6057,36,7,211.75
6388,35,9,302.3
3181,20,5,149.43
4993,35,8,299.71
6281,16,2,32
7994,23,8,266.63
3497,36,5,203.24
2145,31,4,190.02
5711,55,3,166.33
7177,31,2,52.57
3728,16,5,80.81
2784,16,2,42.96
6509,30,6,180.03
6759,38,7,283.94
1685,16,2,37.48
2673,37,4,140.38
4607,27,5,135.7
4737,18,2,43.78
4074,37,6,247.23
6146,37,5,175.75
2735,25,3,76.23
3264,22,5,144.77
5012,35,8,356.21
3757,16,3,57.67
7765,25,3,91.29
3249,54,2,103.63
4881,36,6,199.39
4299,22,5,125.7
4347,34,3,98.08
4336,63,2,87.39
1537,36,10,367.4
5911,32,4,89.94
4010,35,8,307.03
6714,33,3,117.11
6953,17,8,130.08
5496,35,5,209.61
1374,64,2,97.62
1759,26,4,129.13
6845,36,5,202.05
5443,23,4,132.7
5375,31,7,249.87
5468,39,6,233.9
1144,31,9,327.71
3693,31,8,191.35
6713,47,7,332.12
5416,31,9,290.39
7945,31,5,225.6
3935,43,6,278.85
2193,39,6,262.74
2339,39,5,197.78
1877,35,5,205.55
3409,35,5,209
2171,24,6,200.04
5860,32,3,100.25
6124,22,10,324.46
2090,22,3,107.14
5104,16,2,37.44
2252,24,5,143.15
4765,39,7,248.2
6098,47,3,150.3
6325,37,8,318.97
5842,39,4,103.98
2532,56,2,114.7
5699,33,6,197.13
4897,22,5,118.72
1701,32,6,171.65
6307,39,7,256.5
5948,44,7,303.53
2459,30,6,222.95
4610,18,1,17.91
6720,36,10,362.38
4005,25,4,120.31
2157,19,2,36.54
2655,72,1,44.71
6960,39,7,210.98
4070,37,4,111.08
5637,35,3,115.86
6672,37,5,207.41
2932,34,1,35.74
1021,17,2,38.68
5614,32,5,183.83
7137,55,5,276.28
7337,34,7,239.31
4562,27,6,139.84
7507,16,2,35.33
5532,31,6,241.45
4085,29,5,143.76
3455,48,2,77.37
2159,62,3,139.5
3100,32,3,120.13
7860,41,7,309.31
1414,53,2,106.06
7142,33,6,144.45
7819,55,3,164.28
5484,30,2,78.96
1027,17,4,75.94
1331,67,1,51.89
2121,16,2,46.08
3086,45,3,131.03
7115,36,5,220.42
6756,32,5,162.78
6273,28,3,103.38
1408,64,1,45.07
6041,24,3,75.03
7714,24,3,95.84
6565,52,2,112.11
5772,53,2,105.81
1483,17,2,39.23
3315,22,7,183.81
4075,19,4,77.17
5367,64,1,39.26
5910,34,8,244.81
4981,19,4,84.54
2694,51,3,162.55
2609,17,4,70.61
1549,46,6,240.53
3949,33,3,110.15
1881,28,3,90.67
3696,29,6,172.48
2280,31,4,90.64
2261,46,3,121.52
4254,24,3,110.49
3656,16,4,93.76
2383,49,5,207.58
5655,19,4,81.08
3894,25,7,193.86
1659,41,3,121.45
4971,23,2,68.05
1586,57,4,218.63
4907,42,4,170.47
4630,53,4,213.31
5166,36,12,526.88
1081,49,2,76.48
2939,18,1,19.03
2876,34,2,73.83
2363,43,4,159.01
7303,59,3,161.73
7313,20,6,175.69
3359,36,10,325.57
7242,21,2,58.46
3015,44,7,302.48
3381,34,7,264.57
2178,66,1,44.97
3988,58,2,107.88
6121,17,7,135.42
1554,32,3,116.91
6318,46,2,80.62
1497,33,7,237.76
3996,26,5,145.53
5888,26,8,244.22
6344,18,1,19.49
2403,36,8,311.28
5770,36,4,157.82
7411,18,2,34.29
1565,18,4,82.11
4895,67,2,91.32
2155,37,8,361.57
4088,57,1,54.81
6293,44,6,235.91
3373,39,9,301.71
1450,26,7,243.83
3689,48,2,88.53
4195,37,6,192.02
5114,43,4,153.31
3330,26,8,230.78
4699,36,8,364.96
6829,31,5,170.9
3483,18,7,150.35
4576,18,2,39.56
2958,52,5,253.95
1338,31,3,102.13
3538,22,4,129.82
2052,36,5,184.32
3937,30,8,314.64
1145,19,2,42.38
5068,25,9,292.66
6584,23,4,123.09
7076,35,6,159.2
2564,19,3,51.82
3663,22,2,51.5
7195,36,3,115.3
4255,22,4,110.73
1975,61,2,89.11
1736,29,6,187.85
3635,34,7,228.13
7713,17,4,81.09
2400,28,4,121.72
5489,70,1,48.36
2401,35,3,96.61
4063,45,4,161.65
6466,34,5,174.83
5590,37,6,249.14
3622,37,7,224.59
2433,39,4,137.9
5000,38,10,518.28
4968,17,4,70.49
4283,25,6,188.24
7132,54,3,158.89
1441,30,10,308.24
1455,34,5,193.77
4332,27,8,267.22
7095,40,3,116.31
1774,55,2,110.87
6893,42,6,240.27
3004,34,6,154.92
2146,23,7,246.79
5402,50,4,229.54
7977,41,3,123.88
6880,24,10,295.58
5316,37,5,213.55
6641,30,7,284.02
4651,18,2,35.75
7042,20,4,128.53
6143,69,2,77.58
2890,26,5,154.13
1013,58,1,55.01
2468,17,3,63.14
4609,31,3,107.01
1243,18,2,40.01
6361,26,5,118.29
1159,36,4,157.05
7957,37,8,248.83
4145,33,10,352.24
6660,50,4,221.59
7278,38,8,225.9
3897,55,2,109.39
6336,52,2,111.23
1936,32,9,367.04
3808,31,6,240.8
1843,17,5,104.07
7832,33,5,162.95
6100,34,10,432.24
5050,37,8,238.15
6448,32,5,250.93
4054,21,4,125.28
5660,32,8,210.72
2994,30,7,217.25
1358,39,6,246.27
7391,24,6,185.97
4230,44,5,259.43
1883,49,3,128.2
4479,48,3,118.86
4772,35,5,213.04
4602,35,3,127.97
1529,33,8,312.19
4238,33,2,86.82
7486,22,6,146.29
1341,44,7,284.86
5214,17,6,127.71
5136,30,6,202.69
6899,35,9,347.66
6681,26,5,141.31
3060,29,7,201.19
3469,16,2,38.28
1792,30,7,283.65
3723,47,3,139.74
2686,23,2,58.59
6518,17,1,16.19
1609,21,1,35.04
4692,38,9,333.82
7940,36,5,237.84
6450,58,5,288.21
6848,50,2,115.71
2808,44,3,140.12
3991,56,3,173.67
7193,53,5,295.81
5528,17,3,61.48
1409,29,6,159.77
5751,38,10,393.6
5892,23,5,140.51
6174,38,4,152.16
5952,34,9,393.59
3621,19,2,44.17
3687,56,2,112.58
3943,18,3,66.11
6582,55,3,161.72
2892,30,6,225.66
1879,30,5,188.91
5600,57,2,111.67
7130,36,5,251.86
4452,25,4,106.11
4144,28,5,173.32
7934,75,2,85.66
2183,37,3,120.26
5291,39,8,275.84
6830,26,6,181.68
5627,30,7,303.07
3930,24,4,125.52
4104,34,6,175.74
3573,33,4,132.29
1998,17,4,84.54
4769,26,4,140.16
6730,34,7,173.05
7444,31,5,141.48
1509,35,8,383.15
2647,22,4,127.61
2084,32,5,161.32
6857,16,2,44.62
3724,24,3,93.52
6765,47,3,130.14
2900,39,5,155.8
7850,36,5,181.2
7396,44,2,78.42
2027,34,5,165.3
3363,36,9,389.64
3002,47,3,128.27
1122,27,4,123.98
1841,54,3,164.33
1909,40,3,119.49
7545,35,10,293.25
5596,49,4,194.03
5921,25,8,201
2163,26,6,216.08
4046,35,4,162
1676,37,9,377.14
1535,30,7,264.15
3169,38,6,221.15
6226,26,6,177.78
5595,30,3,78.74
6755,40,3,120.59
5581,20,4,113.02
3839,25,2,66.1
2841,26,3,86.69
6771,31,6,256.61
3270,26,3,83.47
6417,22,5,157.51
3164,43,4,165.36
6140,33,4,156.59
3683,39,9,298.55
6134,16,3,52.88
5339,32,11,588.7
4778,51,2,105.36
5409,35,8,302.41
5051,39,10,414.26
6819,25,2,61.68
5368,23,1,29.32
4040,35,7,226.19
4227,37,6,258.75
5616,28,5,151.18
6601,45,1,41.56
5930,20,3,115.31
6513,37,11,438.56
1129,19,2,38.86
3045,58,2,103.4
1567,23,3,79.74
7908,17,2,40.02
1784,18,6,112.76
1725,70,3,130.1
4061,33,3,94.15
5087,33,6,124.44
2769,24,3,78.33
7557,29,3,88.17
5309,35,5,174.25
6928,20,6,150.75
3904,21,3,102.79
7206,21,7,232.98
3552,47,3,128.6
6605,32,4,159.52
7319,18,3,59.58
5460,45,3,124.4
4527,38,6,256.05
4859,30,6,291.88
4807,20,6,169.28
5324,18,4,76.8
5555,18,2,38.53
4556,42,3,122.97
7763,45,5,205.85
5852,34,5,162.96
1741,27,8,242.56
5049,32,6,198.84
1051,16,6,118.03
2526,31,6,190.57
4009,23,1,27.64
7483,16,2,40.18
5317,28,6,172.39
7307,19,2,43.21
7359,76,4,189.38
4133,43,5,230.68
2246,53,6,331.52
6941,43,5,213.58
6875,38,6,206.7
5620,39,7,192.12
2723,25,4,125.3
6209,52,4,205.95
2055,19,2,47.58
2482,38,9,350.02
6066,33,6,213.49
3003,35,6,271.2
3572,36,7,246.7
1020,16,2,40.33
4206,51,2,110
1966,30,5,193.9
6210,54,2,104.5
5422,18,2,45.26
2013,27,6,185.43
3236,47,3,119.71
1556,32,5,221.27
6433,36,8,285.14
4709,32,8,318.37
6382,46,3,128.2
7929,35,6,177.23
5509,36,7,248.72
5176,44,3,120.78
6458,38,6,191.47
2064,25,6,172.62
4543,27,5,145.59
1008,59,3,169.15
1821,33,6,230.75
1911,37,6,188.06
6530,21,6,182.65
7088,49,5,224.13
6782,16,6,121.97
7782,68,3,133.05
2238,33,6,254.94
5592,58,2,109.68
5856,74,4,162.92
6611,31,6,219.36
5523,24,3,80.31
6856,31,4,153.8
5989,36,3,97.65
5593,36,5,199.45
1992,27,6,161.11
7290,36,4,147.12
7724,28,4,130.68
5077,39,4,188.81
5573,45,3,123.48
3609,33,7,232.6
5382,70,1,45.31
4951,23,1,28.88
4341,38,7,209.75
3985,22,3,88.41
3307,38,9,295.91
1753,21,4,130.69
6445,19,2,40.4
1261,32,5,180.98
3761,34,6,215.96
4418,37,6,233.82
7433,21,5,121.68
4954,39,5,145.33
4927,39,7,246.97
7690,28,3,85.81
5350,37,6,213.74
2530,53,1,53
6758,24,3,105.79
5470,22,7,180.72
4097,49,3,121.37
7373,26,4,109.89
4531,35,7,234.19
6328,32,7,258.05
2635,33,6,266.25
5215,30,2,71.98
5818,38,8,372.26
5381,20,7,178.6
1913,17,4,84.49
7609,28,5,167.5
5332,26,2,48.79
4583,18,1,21.35
7659,57,2,107.56
2732,32,2,72.79
7093,19,5,96.09
1770,30,6,195.53
5451,30,8,244.54
4833,38,5,169.33
6114,58,1,56.12
3645,44,5,260.07
3467,43,7,273.86
5784,24,4,114.9
5125,65,4,170.22
6929,59,4,222.09
7046,53,4,228.33
5674,19,7,134.57
4170,31,4,123.21
3319,39,9,324.95
4878,38,7,190.98
3091,43,6,231.08
4864,32,6,244.09
7194,33,7,260.06
5434,26,5,134.63
6412,43,2,83.16
3549,43,1,43.08
5354,49,5,210.39
2424,17,3,66.2
4516,34,8,255.08
7797,31,10,364.27
1311,26,2,50.66
2887,35,5,173.23
2806,41,5,194.92
5734,48,3,120.98
5664,36,8,276.81
4924,17,4,85.43
1972,46,4,164.15
5115,33,7,197.12
5030,39,6,200.44
6572,37,4,105.66
1603,36,6,193.7
7293,36,6,210.33
3669,34,6,257.43
5454,16,2,38.44
2005,41,6,235.55
1413,59,2,117.3
3218,18,2,42.46
1397,57,4,224.84
3162,50,4,207.39
3650,17,2,37.33
3866,33,7,175.81
7573,35,9,322.79
6008,30,3,97.39
3223,35,6,265.51
4966,28,10,324.11
2445,19,3,58.51
7166,26,9,299.21
2205,31,4,139.74
7472,39,3,92.84
1528,38,6,295.52
7635,39,5,192.73
4298,37,9,342.61
5924,17,3,52.1
1040,27,2,55.87
6499,39,10,254.63
3895,49,2,77.42
3090,16,4,79.21
2404,67,1,51.62
3759,33,5,208.61
7161,25,10,255.44
2631,40,5,227.98
6314,33,9,286.09
3061,32,7,245.46
6972,39,5,172.76
2351,17,5,95.84
7264,36,6,253.1
2912,18,3,58.15
6067,28,2,53.78
2936,25,5,152.49
6547,22,5,151.63
3073,40,3,118.53
3732,51,3,170.8
3058,56,4,232.86
2507,55,2,110.92
5719,37,5,177.47
4363,47,2,78.89
2128,30,6,187.62
6836,19,3,64.17
3392,39,12,411.58
7289,23,11,304.52
7173,31,6,219.82
3953,38,8,284.8
6825,52,1,56.72
2326,59,2,110.47
3436,37,9,284.11
1276,18,1,18.84
7342,58,4,217.57
2974,32,3,131.89
1680,67,1,43.88
4980,69,3,140.53
2405,35,4,167.46
6003,23,4,121.12
6228,78,1,47
3210,23,7,224.7
6411,23,5,129.49
7253,52,5,288.54
7275,41,2,80.75
7642,26,4,114.35
2684,36,5,208.95
5394,48,6,247.12
4277,31,8,313.02
7484,36,9,320.81
1286,36,8,322.77
7548,39,7,235.75
3993,30,6,220.82
2685,21,12,351.28
7497,74,1,49.1
6275,46,4,156.92
7568,47,3,126.97
7880,24,2,56.03
5435,30,11,428.78
7292,17,1,20.8
5827,31,9,275.89
5369,36,4,164.6
1123,27,6,185.75
7167,21,9,224.61
7604,52,4,223.94
4984,34,4,97.18
4534,29,5,151.05
4738,47,3,130.09
7990,39,4,154.41
5878,49,3,115.8
6154,46,4,162.9
5589,37,10,387.16
6754,33,6,216.1
5135,23,5,167.04
5623,41,3,119.95
4404,38,5,148.18
2223,23,1,36
7172,48,3,129.17
2984,58,3,168.77
7427,33,4,129.92
7744,71,4,191.41
3462,30,9,363.53
4629,44,5,193.6
2610,33,4,119.21
6943,23,4,110.07
7091,50,3,160.31
7858,49,6,247.2
2372,35,6,159.99
7792,38,5,139.06
6071,26,4,125.72
4235,37,8,297.88
6175,35,5,124.57
6127,21,7,220.01
4959,53,4,218.77
3801,48,4,167.71
4652,54,2,115.62
2036,35,6,222.39
6115,19,1,20.75
7354,36,8,295.94
6534,17,2,38.44
4825,28,7,192.08
4537,34,4,139.38
3583,39,8,282.53
5884,27,6,200.44
7455,38,8,267.56
6081,44,5,266.23
4753,22,4,146.55
5579,39,10,267.77
5177,49,3,124.45
5058,21,7,233.02
4022,59,3,166.38
6326,48,3,116.93
1401,22,5,136.72
7144,59,5,284.86
7268,34,13,382.12
3429,33,6,234.63
6631,19,2,36.49
1871,24,7,186.92
4121,28,7,184.54
6560,38,8,372.37
3772,49,3,117.61
1607,35,7,322.06
1352,32,4,174.29
1074,38,7,219.41
4811,16,4,74.75
7432,30,5,162.28
5879,21,5,170.45
2710,28,1,33.91
6101,29,5,148.95
3001,34,4,123.27
5411,28,3,93.62
3273,22,6,188.81
7523,35,3,124.21
1230,34,5,179.46
3691,21,3,86.78
2290,53,2,104.65
1454,18,2,43.26
7848,28,5,168.83
4664,27,5,132.32
2350,38,5,220.86
7002,30,4,151.11
1339,20,4,115.8
1989,27,5,169.57
2879,16,2,41.5
5665,37,8,237.73
2438,50,4,223.57
1619,30,6,241.18
2349,22,1,33.35
4937,21,7,204.5
1377,61,4,167.24
1022,29,4,122.43
3269,16,3,66.41
1132,38,4,138.56
2811,34,8,248.83
4359,34,6,190.28
3334,18,3,59.95
7760,49,3,122.48
3536,16,4,89
4028,25,6,210.04
2785,21,5,160.82
2951,24,9,284.52
7519,34,4,158.49
7539,39,5,163.61
2137,37,6,223.21
3952,47,3,131.9
6329,51,2,116.82
3818,29,9,275.41
2824,39,4,137.68
6881,35,9,251.11
4180,36,7,274
3184,67,1,33.52
7654,36,5,172.36
5190,38,6,245.27
5479,17,2,39.72
5957,33,7,238.88
5359,28,2,50.49
5908,34,7,219.61
4043,18,2,33.07
7755,54,4,211.12
2147,34,6,238.03
1118,23,3,94.43
5105,29,10,237.15
3968,38,4,128.69
5828,34,7,255.01
5906,23,5,147.7
6222,27,3,83.04
7493,51,2,108.23
2378,49,3,126.13
4073,33,5,157.08
1954,36,4,153.81
3547,30,5,192.24
4965,40,2,81.43
5981,19,3,63.44
4440,22,2,62.02
4451,36,4,162.67
6571,44,6,246.18
7658,28,4,123.31
1995,33,6,230.93
7629,40,6,268.32
7077,55,1,57.52
7728,22,2,64.41
1291,32,5,231.3
4172,17,3,58.01
5752,39,6,205.96
2355,30,8,334.82
4184,21,5,168.67
6776,36,5,224.34
7799,48,5,228.13
6552,54,4,219.15
4067,30,8,240.63
4669,58,1,58.7
4413,16,5,88.43
6843,35,8,265.9
4752,32,2,73.66
6637,16,3,58.98
3417,34,6,228.76
4655,39,6,164.37
5423,58,4,219.75
3468,59,2,112.37
7904,42,4,157.78
3240,22,4,129.64
6230,26,7,212.24
1696,39,6,225.91
3877,23,3,81.42
2920,24,4,108.44
4334,48,2,80.8
1566,56,3,150.22
5840,26,1,37.09
3747,27,4,119.38
5572,66,3,120.46
3048,39,7,229.32
7918,35,2,45.38
3543,36,5,173.84
2018,34,6,190.94
7281,38,6,240.1
7584,25,3,93.3
4330,61,4,189.3
5819,16,2,39
3628,28,4,113.59
5618,32,6,223.98
2161,39,5,192.21
5513,32,5,196.78
3731,32,7,260.84
1410,23,4,129.04
2711,23,5,131.49
2281,25,6,172.25
7057,51,3,169.48
5408,77,1,45.58
2589,39,6,199.21
2471,16,3,65.68
6366,24,5,140.24
2357,29,5,133.25
6430,66,1,46
1855,16,6,110.27
6883,41,5,192.78
7267,30,5,132.67
6465,75,2,90.95
4912,31,5,209.56
1016,49,4,194.69
5505,24,5,153.02
5488,33,6,220.23
7803,31,4,92.92
2837,53,3,162.54
1938,39,9,338.22
1873,27,7,224.8
6252,51,2,114.83
6186,51,2,106.33
6920,20,3,74.02
4896,25,2,59.88
3323,31,6,233.18
5059,39,6,242.81
5651,36,4,142.35
2386,30,11,386.02
1164,49,3,119.11
7585,44,7,308.39
6313,58,4,228.37
2859,39,5,218.85
5127,54,3,159.35
4468,28,4,118.68
5311,39,11,431.62
6731,30,7,250.95
5531,27,5,157.46
4869,32,9,364.82
7891,33,3,97.77
1369,46,1,46.24
7748,27,4,123.47
3639,42,7,268.29
1564,44,4,158.94
3492,42,4,160.4
1930,37,5,163.48
1065,64,2,80.65
3619,39,7,292.26
6031,18,2,43.46
7151,33,3,106.09
6118,35,5,173.58
7533,38,8,274.43
6072,21,4,125.73
1942,30,8,383.63
4038,44,4,162.69
7380,25,6,189.34
7314,68,3,141.22
5931,34,11,433.64
7734,39,5,153.51
4756,52,3,177.37
2297,18,5,110.92
1297,17,3,65.71
2259,46,5,216.49
5639,17,6,125.47
7326,26,7,200.57
5336,18,4,74.92
6177,39,2,60.82
1710,31,6,183.81
7162,61,2,85.28
6294,34,6,229.85
5769,34,7,243.01
7903,31,3,106.98
6163,42,2,77.73
6416,57,2,103.11
6086,28,7,242.89
3192,23,1,30.08
1950,37,9,349.5
2965,26,4,132.77
6550,70,1,49.5
6073,28,10,287.76
4766,30,3,112.76
4439,37,2,79.64
2522,35,4,134.05
5228,29,3,93.09
5461,16,3,57.95
1406,21,7,227.71
5720,26,7,208.06
1064,46,1,42.47
1238,39,12,465.14
5057,33,9,340.85
5755,67,3,116.96
4899,36,5,171.4
4224,27,4,113.02
2838,50,2,113.91
1422,26,8,235.25
6202,31,8,344.2
1449,24,9,207.73
3850,37,3,91.93
3012,29,6,185.36
4803,37,4,175.49
7043,32,6,227.98
6223,54,4,224.4
6047,28,5,162.34
1971,33,3,132.18
6781,56,2,108.97
3579,37,8,174.15
6844,22,3,78.21
1660,20,4,135.75
3525,48,1,45.51
3710,50,1,56.09
4717,26,4,137.17
3344,30,10,366.89
2039,34,7,168.54
1303,42,5,201.93
5144,36,5,196.86
4741,55,4,215.49
3452,38,6,215.46
5633,36,5,199.34
5171,63,3,146.07
2836,27,5,138.44
7992,46,4,159.17
6559,18,2,41.08
2619,31,4,155.48
1367,17,2,39.52
6399,54,4,207.37
4318,36,7,313.22
3787,65,2,80.74
5025,32,2,76.39
2906,56,4,225.24
3267,26,7,217.56
3750,45,4,168.18
2754,16,3,65.36
2913,46,4,164.11
7176,32,6,191.31
7837,27,6,158.94
7027,53,3,158.57
6785,20,9,285.2
2033,29,4,96.91
1220,57,2,103.66
5207,32,5,124.1
1876,38,5,163.86
1599,38,2,68.44
